113034  C1    6   2   0              
113468  ISC   4   3   0              
113450  FTC   4   3   0              
113476  APC   6   2   0              
116726  IS    2   1   0              
116351  CD    6   2   0              
116319  ED    4   2   1   113476
113042  C2    6   3   1   113034            
113093  IAL   4   1   0              
116394  OAC   4   3   1   116351         
117889  TP1   4   2   1   116319          
113107  A1    4   2   0              
113417  CN    4   2   1   113042          
115045  PE    6   2   1   113034           
117366  LC1   4   3   3   113450 -1 116319     
117897  TP2   4   3   1   11         
116327  OA    4   2   2   14 116319       
117901  TAG   4   1   1   116319          
116572  RC    4   3   3   116319 8 14     
116343  LP    4   3   1   116319          
117935  PC    4   2   2   10 16      
116441  ES    4   3   3   20 -1 11   
116378  BD    4   2   1   17         
116653  IIA   4   1   2   15 116319       
116432  SB    4   3   2   10 116319       
117960  FSO   4   2   1   21         
116882  AC    6   3   1   12         
116416  SI    4   1   3   116319 -1 23    
117943  CE    4   2   2   116319 14       
117536  PAA   4   3   5   1 11 -1 1 116319  
117951  Comp  4   3   3   20 25 27   
117927  SC    4   2   1   19         
117919  MC    2   2   0           
116912  TG1   6   3   0              
116291  TG2   4   3   2   33 34       